340,332,231
76
1
0
0
76
65
188
236
79
75
65
79
70
82
55
48
7
0
0
0
100
0
0
0
10
0
0
0
1
0
0
0
0
0
0
0
173
55
54
200
2
30
217
34
227
183
235
202
30
229
222
213
52
60
96
249
57
41
2
233
20
252
19
204
44
9
2
48
220
196
2
81
42
27
252
213
189
27
231
253
27
238
33
1
242
34
230
223
249
57
235
21
228
243
241
195
27
238
8
11
181
216
44
9
55
254
209
22
10
221
43
254
220
29
255
206
245
12
12
254
55
20
253
27
225
211
35
3
239
43
221
203
222
23
69
196
176
32
250
8
6
44
6
213
243
250
29
236
245
17
225
226
238
233
43
10
207
8
53
250
4
16
243
238
7
247
5
21
9
214
238
0
4
254
6
251
240
27
23
12
1
0
0
0
0
0
0
0
173
55
54
200
2
30
217
34
227
183
235
202
30
229
222
213
52
60
96
249
57
41
2
233
20
252
19
204
44
9
2
48
220
196
2
81
42
27
252
213
189
27
231
253
27
238
33
1
242
34
230
223
249
57
235
21
228
243
241
195
27
238
8
11
181
216
44
9
55
254
209
22
10
221
43
254
220
29
255
206
245
12
12
254
55
20
253
27
225
211
35
3
239
43
221
203
222
23
69
196
176
32
250
8
6
44
6
213
243
250
29
236
245
17
225
226
238
233
43
10
207
8
53
250
4
16
243
238
7
247
5
21
9
214
238
0
4
254
6
251
240
27
23
12
